{
 "cells": [
  {
   "cell_type": "code",
   "execution_count": 12,
   "metadata": {
    "collapsed": true
   },
   "outputs": [],
   "source": [
    "import numpy as np\n",
    "import matplotlib.pyplot as plt\n",
    "import scipy.misc as misc\n",
    "%matplotlib inline\n",
    "\n",
    "import seaborn as sns\n",
    "sns.set_style('white')\n",
    "sns.set_context('talk')"
   ]
  },
  {
   "cell_type": "markdown",
   "metadata": {},
   "source": [
    "## EM, Multiclass,  Single Confusion Matrix"
   ]
  },
  {
   "cell_type": "code",
   "execution_count": 13,
   "metadata": {
    "collapsed": false
   },
   "outputs": [],
   "source": [
    "def E_step_MC_single(rho, theta, r):\n",
    "    num_data = r.shape[0]\n",
    "    num_classes = theta.shape[0]\n",
    "    num_experts = r.shape[1]\n",
    "    \n",
    "    zeds = np.zeros((num_data, num_classes))\n",
    "    \n",
    "    for i in range(num_data):\n",
    "        for k in range(num_classes):\n",
    "            log_numerator = np.log(rho[k]) + np.sum([[np.sum(r[i,j]==t)*np.log(theta[k,t]) \\\n",
    "                                                      for j in range(num_experts)] for t in range(num_classes)])\n",
    "            log_denominator = misc.logsumexp([np.log(rho[k_p]) + np.sum([[np.sum(r[i,j]==t)*np.log(theta[k_p,t]) \\\n",
    "                                                for j in range(num_experts)] for t in range(num_classes)]) \\\n",
    "                                              for k_p in range(num_classes)])\n",
    "            zeds[i,k] = np.exp(log_numerator - log_denominator)\n",
    "    return zeds"
   ]
  },
  {
   "cell_type": "code",
   "execution_count": 14,
   "metadata": {
    "collapsed": false
   },
   "outputs": [],
   "source": [
    "def M_step_MC_single(z,r):\n",
    "    num_classes = z.shape[1]\n",
    "    num_data = z.shape[0]\n",
    "    num_experts = r.shape[1]\n",
    "    \n",
    "    thet = np.zeros((num_classes,num_classes))\n",
    "    for k in range(num_classes):\n",
    "        for t in range(num_classes):\n",
    "            numerator=0\n",
    "            denominator=0\n",
    "            for i in range(num_data):\n",
    "                for j in range(num_classes):\n",
    "                    numerator += np.sum(z[i,k][r[i,j]==t])\n",
    "                    denominator += np.sum([np.sum(z[i,k][r[i,j]==t_p]) for t_p in range(num_classes)])\n",
    "  \n",
    "            thet[k,t] = numerator/denominator\n",
    "    \n",
    "    rh = np.zeros(num_classes)\n",
    "    for k in range(num_classes):\n",
    "        rh[k] = np.sum(z[:,k])/np.sum(z)\n",
    "            \n",
    "    return thet, rh"
   ]
  },
  {
   "cell_type": "code",
   "execution_count": 15,
   "metadata": {
    "collapsed": false
   },
   "outputs": [],
   "source": [
    "# A function to run it:\n",
    "\n",
    "def results_MC_single(data_file, true_class_file):\n",
    "    data = np.load(data_file)\n",
    "    trueCls = np.load(true_class_file)\n",
    "    \n",
    "    # Reconfigure data to resemble that used in Liu and Wang\n",
    "\n",
    "    r = np.argmax(data,axis=2)\n",
    "\n",
    "    # Number of data points\n",
    "    num_data     = data.shape[0]\n",
    "    # Number of experts performing classification\n",
    "    num_experts  = data.shape[1]\n",
    "    # Number of classes\n",
    "    num_classes  = data.shape[2]\n",
    "\n",
    "    # Initialize rho, the proportion of each class, to be even.  \n",
    "    rho = np.repeat(1./num_classes, num_classes)\n",
    "\n",
    "    # Initialize the shared confusion matrix with a bias lambda\n",
    "    lambdaa = 5.\n",
    "    theta = np.ones((num_classes,num_classes))*(1./(lambdaa+num_classes))\n",
    "    np.fill_diagonal(theta, np.repeat((lambdaa/(lambdaa+num_classes)),num_classes))\n",
    "\n",
    "    # Nonsense initial values to test convergence\n",
    "    z_old = 500\n",
    "    z = 100\n",
    "    ctr = 0\n",
    "\n",
    "    while np.sum(z_old - z) > .00001:\n",
    "        z_old = z\n",
    "        z = E_step_MC_single(rho, theta, r)\n",
    "        theta, rho = M_step_MC_single(z, r)\n",
    "        ctr+=1\n",
    "\n",
    "    accuracy = 100.*np.sum(np.argmax(z,axis=1)==trueCls)/num_data\n",
    "    \n",
    "    print \"---------------------------------------------------------------\"\n",
    "    print \"Shared Confusion Matrix\"\n",
    "    print \"{} data points\".format(num_data)\n",
    "    print \"Converged within {} iterations\".format(ctr)\n",
    "    print \"Theta:\"\n",
    "    print theta\n",
    "    print \"Rho:\", rho\n",
    "    print \"Accuracy is {}%\".format(accuracy)\n",
    "    print\n",
    "    \n",
    "    return accuracy\n",
    "    "
   ]
  },
  {
   "cell_type": "markdown",
   "metadata": {},
   "source": [
    "## EM, Multiclass, Multiple Confusion Matrices"
   ]
  },
  {
   "cell_type": "code",
   "execution_count": 16,
   "metadata": {
    "collapsed": false
   },
   "outputs": [],
   "source": [
    "def E_step_MC_multiple(rho, r, thetas):\n",
    "    num_data = r.shape[0]\n",
    "    num_classes = thetas.shape[1]\n",
    "    num_experts = r.shape[1]    \n",
    "    \n",
    "    zeds = np.zeros((num_data, num_classes))\n",
    "    \n",
    "    for i in range(num_data):\n",
    "        for k in range(num_classes):\n",
    "            log_numerator = np.log(rho[k]) + np.sum([thetas[j,k,r[i,j]] for j in range(num_experts)])\n",
    "            log_denominator = misc.logsumexp([np.log(rho[k_p]) + np.sum([thetas[j,k_p,r[i,j]]\\\n",
    "                                                                       for j in range(num_experts)]) \\\n",
    "                                                                          for k_p in range(num_classes)])\n",
    "            zeds[i,k] = np.exp(log_numerator - log_denominator)\n",
    "            \n",
    "    return zeds"
   ]
  },
  {
   "cell_type": "code",
   "execution_count": 17,
   "metadata": {
    "collapsed": true
   },
   "outputs": [],
   "source": [
    "def M_step_MC_multiple(z, r):\n",
    "    num_classes = z.shape[1]\n",
    "    num_data = z.shape[0]\n",
    "    num_experts = r.shape[1]\n",
    "    \n",
    "    thet = np.zeros((num_experts,num_classes,num_classes))\n",
    "    for k in range(num_classes):\n",
    "        for t in range(num_classes):\n",
    "            for j in range(num_experts):\n",
    "                numerator=0\n",
    "                denominator=0\n",
    "                for i in range(num_data):\n",
    "                    numerator += np.sum(z[i,k][r[i,j]==t])\n",
    "                    denominator += np.sum([np.sum(z[i,k][r[i,j]==t_p]) for t_p in range(num_classes)])\n",
    "                thet[j,k,t] = numerator/denominator\n",
    "    \n",
    "    rh = np.zeros(num_classes)\n",
    "    for k in range(num_classes):\n",
    "        rh[k] = np.sum(z[:,k])/np.sum(z)\n",
    "            \n",
    "    return thet, rh\n",
    "                    "
   ]
  },
  {
   "cell_type": "code",
   "execution_count": 18,
   "metadata": {
    "collapsed": false
   },
   "outputs": [],
   "source": [
    "# Now run it:\n",
    "\n",
    "def results_MC_multiple(data_file, true_class_file):\n",
    "    # Load Data\n",
    "    data = np.load(data_file)\n",
    "    trueCls = np.load(true_class_file)   \n",
    "    \n",
    "    # Reconfigure data to resemble that used in Liu and Wang\n",
    "    if len(data.shape)==3:\n",
    "        # Multinomial data\n",
    "        r = np.argmax(data,axis=2)\n",
    "    elif len(data.shape)==4:\n",
    "        # Yes/no data\n",
    "        r = np.zeros((data.shape[0], data.shape[1]))\n",
    "        for n in range(data.shape[0]):\n",
    "            for exp in range(data.shape[1]):\n",
    "                # Use class_designation function to make a class designation for this data point.  \n",
    "                r[n,exp] = class_designation(data[n,exp])\n",
    "\n",
    "    # Number of data points\n",
    "    num_data     = data.shape[0]\n",
    "    # Number of experts performing classification\n",
    "    num_experts  = data.shape[1]\n",
    "    # Number of classes\n",
    "    num_classes  = data.shape[2]\n",
    "\n",
    "    # Initialize rho, the proportion of each class, to be even.  \n",
    "    rho = np.repeat(1./num_classes, num_classes)\n",
    "\n",
    "    # Initialize the shared confusion matrix with a bias lambda\n",
    "    lambdaa = 5.\n",
    "    theta = np.ones((num_classes,num_classes))*(1./(lambdaa+num_classes))\n",
    "    np.fill_diagonal(theta, np.repeat((lambdaa/(lambdaa+num_classes)),num_classes))\n",
    "    \n",
    "    # All the confusion matrices start out the same\n",
    "    thetas = np.stack([theta]*num_experts)\n",
    "\n",
    "    # Nonsense initial values to test convergence\n",
    "    z_old = 500\n",
    "    z = 100\n",
    "    ctr = 0\n",
    "\n",
    "    while np.sum(z_old - z) > .00001:\n",
    "        z_old = z\n",
    "        z = E_step_MC_multiple(rho, r, thetas)\n",
    "        thetas, rho = M_step_MC_multiple(z, r)\n",
    "        ctr+=1\n",
    "        \n",
    "    accuracy = 100.*np.sum(np.argmax(z,axis=1)==trueCls)/num_data\n",
    "    \n",
    "    print \"---------------------------------------------------------------\"\n",
    "    print \"Separate Confusion Matrices\"\n",
    "    print \"{} data points\".format(num_data)\n",
    "    print \"Converged within {} iterations\".format(ctr)\n",
    "    print \"Theta:\"\n",
    "    print thetas\n",
    "    print \"Rho:\", rho\n",
    "    print \"Accuracy is {}%\".format(accuracy)\n",
    "    print\n",
    "    \n",
    "    return accuracy"
   ]
  },
  {
   "cell_type": "markdown",
   "metadata": {},
   "source": [
    "## EM, Yes/No"
   ]
  },
  {
   "cell_type": "code",
   "execution_count": 19,
   "metadata": {
    "collapsed": true
   },
   "outputs": [],
   "source": [
    "def E_step_YN(rho, r, thetas):\n",
    "    num_data = r.shape[0]\n",
    "    num_classes = thetas.shape[1]\n",
    "    num_experts = r.shape[1]    \n",
    "    \n",
    "    zeds = np.zeros((num_data, num_classes))\n",
    "    \n",
    "    for n in range(num_data):\n",
    "        for k in range(num_classes):\n",
    "            log_numerator = 0\n",
    "            for j in range(num_experts):\n",
    "                for k_p in range(num_classes):\n",
    "                    log_numerator += np.log(rho[k]) + r[n,j,k_p,1]*np.log(thetas[j,k,k_p]) +\\\n",
    "                        r[n,j,k_p,0]*np.log(1.-thetas[j,k,k_p])\n",
    "            \n",
    "            zeds[n,k] = np.exp(log_numerator)\n",
    "    zeds = zeds/zeds.sum(axis=1)[:,np.newaxis]\n",
    "            \n",
    "    return zeds"
   ]
  },
  {
   "cell_type": "code",
   "execution_count": 20,
   "metadata": {
    "collapsed": true
   },
   "outputs": [],
   "source": [
    "def M_step_YN(z, r):\n",
    "    num_classes = z.shape[1]\n",
    "    num_data = z.shape[0]\n",
    "    num_experts = r.shape[1]\n",
    "    \n",
    "    thet = np.zeros((num_experts,num_classes,num_classes))\n",
    "    for k in range(num_classes):\n",
    "        for k_p in range(num_classes):\n",
    "            for j in range(num_experts):\n",
    "                numerator=np.sum([z[n,k]*r[n,j,k_p,1] for n in range(num_data)])\n",
    "                denominator=np.sum([z[n,k]*(r[n,j,k_p,1] + r[n,j,k_p,0]) for n in range(num_data)])\n",
    "                thet[j,k,k_p] = numerator/denominator\n",
    "    \n",
    "    rh = np.zeros(num_classes)\n",
    "    for k in range(num_classes):\n",
    "        rh[k] = np.sum(z[:,k])/np.sum(z)\n",
    "            \n",
    "    return thet, rh"
   ]
  },
  {
   "cell_type": "code",
   "execution_count": 21,
   "metadata": {
    "collapsed": true
   },
   "outputs": [],
   "source": [
    "# Now run it:\n",
    "\n",
    "def results_YN(data_file, true_class_file):\n",
    "    # Load Data\n",
    "    r = np.load(data_file)\n",
    "    trueCls = np.load(true_class_file)   \n",
    "\n",
    "    # Number of data points\n",
    "    num_data     = r.shape[0]\n",
    "    # Number of experts performing classification\n",
    "    num_experts  = r.shape[1]\n",
    "    # Number of classes\n",
    "    num_classes  = r.shape[2]\n",
    "\n",
    "    # Initialize rho, the proportion of each class, to be even.  \n",
    "    rho = np.repeat(1./num_classes, num_classes)\n",
    "\n",
    "    # Initialize the shared confusion matrix with a bias lambda\n",
    "    lambdaa = 5.\n",
    "    theta = np.ones((num_classes,num_classes))*(1./(lambdaa+num_classes))\n",
    "    np.fill_diagonal(theta, np.repeat((lambdaa/(lambdaa+num_classes)),num_classes))\n",
    "    \n",
    "    # All the confusion matrices start out the same\n",
    "    thetas = np.stack([theta]*num_experts)\n",
    "\n",
    "    # Nonsense initial values to test convergence\n",
    "    z_old = 500\n",
    "    z = 100\n",
    "    ctr = 0\n",
    "\n",
    "    while np.sum(z_old - z) > .00001:\n",
    "        z_old = z\n",
    "        z = E_step_YN(rho, r, thetas)\n",
    "        thetas, rho = M_step_YN(z, r)\n",
    "        ctr+=1\n",
    "        \n",
    "    accuracy = 100.*np.sum(np.argmax(z,axis=1)==trueCls)/num_data\n",
    "    \n",
    "    print \"---------------------------------------------------------------\"\n",
    "    print \"Separate Confusion Matrices: YN\"\n",
    "    print \"{} data points\".format(num_data)\n",
    "    print \"Converged within {} iterations\".format(ctr)\n",
    "    print \"Theta:\"\n",
    "    print thetas\n",
    "    print \"Rho:\", rho\n",
    "    print \"Accuracy is {}%\".format(accuracy)\n",
    "    print\n",
    "    \n",
    "    return accuracy"
   ]
  },
  {
   "cell_type": "markdown",
   "metadata": {},
   "source": [
    "## Multiclass--Easy"
   ]
  },
  {
   "cell_type": "code",
   "execution_count": 22,
   "metadata": {
    "collapsed": false,
    "scrolled": true
   },
   "outputs": [
    {
     "name": "stdout",
     "output_type": "stream",
     "text": [
      "---------------------------------------------------------------\n",
      "Shared Confusion Matrix\n",
      "40 data points\n",
      "Converged within 2 iterations\n",
      "Theta:\n",
      "[[  9.49623743e-01   2.50809754e-02   3.27412376e-04   2.49678689e-02]\n",
      " [  2.41758643e-02   9.20785423e-01   4.48207338e-02   1.02179790e-02]\n",
      " [  9.34764688e-02   3.08552197e-02   8.16721486e-01   5.89468259e-02]\n",
      " [  8.48178499e-02   6.17750843e-02   7.00801846e-02   7.83326881e-01]]\n",
      "Rho: [ 0.25009184  0.26085865  0.25641973  0.23262978]\n",
      "Accuracy is 95.0%\n",
      "\n",
      "---------------------------------------------------------------\n",
      "Separate Confusion Matrices\n",
      "40 data points\n",
      "Converged within 2 iterations\n",
      "Theta:\n",
      "[[[ 0.71592972  0.07722236  0.0981307   0.10871721]\n",
      "  [ 0.07528594  0.73418469  0.06786897  0.12266041]\n",
      "  [ 0.09885986  0.10752876  0.67221556  0.12139582]\n",
      "  [ 0.10068568  0.11867694  0.11099314  0.66964424]]\n",
      "\n",
      " [[ 0.65145628  0.06731064  0.13746996  0.14376312]\n",
      "  [ 0.06979614  0.70222429  0.13006856  0.09791101]\n",
      "  [ 0.06527867  0.07030674  0.76965163  0.09476296]\n",
      "  [ 0.11782241  0.09523293  0.23163549  0.55530918]]\n",
      "\n",
      " [[ 0.66372667  0.15663575  0.08267124  0.09696634]\n",
      "  [ 0.05373767  0.75340822  0.10023336  0.09262075]\n",
      "  [ 0.10107941  0.10235859  0.64290774  0.15365426]\n",
      "  [ 0.07969847  0.23337156  0.12301902  0.56391095]]\n",
      "\n",
      " [[ 0.77067436  0.06877819  0.07730602  0.08324143]\n",
      "  [ 0.15492797  0.59418797  0.11884327  0.13204079]\n",
      "  [ 0.22001285  0.08911747  0.4972692   0.19360049]\n",
      "  [ 0.27314311  0.09654922  0.14911868  0.48118898]]\n",
      "\n",
      " [[ 0.73685958  0.07723674  0.06947145  0.11643223]\n",
      "  [ 0.12912411  0.63776301  0.05802888  0.17508401]\n",
      "  [ 0.11657363  0.11589917  0.62395725  0.14356995]\n",
      "  [ 0.09939497  0.24611417  0.09749623  0.55699464]]]\n",
      "Rho: [ 0.29549146  0.27806453  0.2312789   0.19516511]\n",
      "Accuracy is 95.0%\n",
      "\n",
      "---------------------------------------------------------------\n",
      "Shared Confusion Matrix\n",
      "80 data points\n",
      "Converged within 2 iterations\n",
      "Theta:\n",
      "[[ 0.80053593  0.08072452  0.09521532  0.02352423]\n",
      " [ 0.0189002   0.86695026  0.03800094  0.07614861]\n",
      " [ 0.0553509   0.11338247  0.79257068  0.03869594]\n",
      " [ 0.05044265  0.01259698  0.03833021  0.89863016]]\n",
      "Rho: [ 0.24974535  0.24632876  0.25362483  0.25030107]\n",
      "Accuracy is 100.0%\n",
      "\n",
      "---------------------------------------------------------------\n",
      "Separate Confusion Matrices\n",
      "80 data points\n",
      "Converged within 2 iterations\n",
      "Theta:\n",
      "[[[ 0.65244119  0.09197832  0.13700258  0.11857791]\n",
      "  [ 0.14496125  0.62239187  0.10668309  0.12596379]\n",
      "  [ 0.23191491  0.11141029  0.51232949  0.14434531]\n",
      "  [ 0.16490472  0.0824933   0.11952042  0.63308156]]\n",
      "\n",
      " [[ 0.54507064  0.18111018  0.18613165  0.08768754]\n",
      "  [ 0.09078033  0.68614279  0.12893918  0.0941377 ]\n",
      "  [ 0.11419652  0.19611081  0.60069008  0.08900259]\n",
      "  [ 0.08752653  0.14805231  0.16451332  0.59990784]]\n",
      "\n",
      " [[ 0.57647975  0.09383932  0.20086393  0.12881701]\n",
      "  [ 0.13468297  0.58862146  0.17737162  0.09932395]\n",
      "  [ 0.13029339  0.19994049  0.56445935  0.10530677]\n",
      "  [ 0.1428499   0.08390976  0.13435032  0.63889002]]\n",
      "\n",
      " [[ 0.51420899  0.18341657  0.16668891  0.13568552]\n",
      "  [ 0.10667863  0.60365708  0.13684615  0.15281814]\n",
      "  [ 0.12374177  0.13832189  0.56699413  0.17094221]\n",
      "  [ 0.08963958  0.09267012  0.10871407  0.70897624]]\n",
      "\n",
      " [[ 0.54845099  0.1508787   0.16608549  0.13458482]\n",
      "  [ 0.12325174  0.65121598  0.14471954  0.08081274]\n",
      "  [ 0.19319722  0.10701382  0.57810385  0.12168511]\n",
      "  [ 0.17027577  0.10022027  0.1859508   0.54355316]]]\n",
      "Rho: [ 0.23018118  0.27045691  0.23529869  0.26406322]\n",
      "Accuracy is 100.0%\n",
      "\n",
      "---------------------------------------------------------------\n",
      "Shared Confusion Matrix\n",
      "100 data points\n",
      "Converged within 2 iterations\n",
      "Theta:\n",
      "[[ 0.84013091  0.03931878  0.03067852  0.08987179]\n",
      " [ 0.03081054  0.88939192  0.02991488  0.04988265]\n",
      " [ 0.03965816  0.050211    0.90010146  0.01002939]\n",
      " [ 0.04111315  0.02002483  0.03985753  0.89900448]]\n",
      "Rho: [ 0.24946794  0.25032039  0.24983749  0.25037418]\n",
      "Accuracy is 100.0%\n",
      "\n",
      "---------------------------------------------------------------\n",
      "Separate Confusion Matrices\n",
      "100 data points\n",
      "Converged within 2 iterations\n",
      "Theta:\n",
      "[[[ 0.6296864   0.11123867  0.15721204  0.10186289]\n",
      "  [ 0.10229331  0.65671444  0.09898888  0.14200336]\n",
      "  [ 0.07432327  0.0799937   0.76803264  0.07765039]\n",
      "  [ 0.1189212   0.0729224   0.15584106  0.65231535]]\n",
      "\n",
      " [[ 0.66782575  0.10144194  0.09869936  0.13203295]\n",
      "  [ 0.09747665  0.69893417  0.11336685  0.09022233]\n",
      "  [ 0.16169793  0.13121464  0.62447806  0.08260938]\n",
      "  [ 0.15676907  0.10502455  0.06752463  0.67068175]]\n",
      "\n",
      " [[ 0.61640094  0.10998644  0.0928008   0.18081183]\n",
      "  [ 0.08040833  0.74312607  0.09428345  0.08218214]\n",
      "  [ 0.08126904  0.13626521  0.69508829  0.08737746]\n",
      "  [ 0.10646799  0.08844455  0.09765857  0.70742889]]\n",
      "\n",
      " [[ 0.71355281  0.07267339  0.07272582  0.14104798]\n",
      "  [ 0.14271006  0.68162237  0.06846611  0.10720145]\n",
      "  [ 0.11638216  0.10381395  0.66231402  0.11748987]\n",
      "  [ 0.11824338  0.09738804  0.05773383  0.72663474]]\n",
      "\n",
      " [[ 0.64963629  0.12563365  0.11604971  0.10868036]\n",
      "  [ 0.08610759  0.67724763  0.14430612  0.09233866]\n",
      "  [ 0.13238541  0.0752425   0.71141837  0.08095372]\n",
      "  [ 0.09796173  0.08354007  0.12784795  0.69065025]]]\n",
      "Rho: [ 0.22861702  0.25093103  0.25827125  0.2621807 ]\n",
      "Accuracy is 100.0%\n",
      "\n",
      "---------------------------------------------------------------\n",
      "Shared Confusion Matrix\n",
      "200 data points\n",
      "Converged within 2 iterations\n",
      "Theta:\n",
      "[[ 0.88577655  0.04523691  0.04013907  0.02884747]\n",
      " [ 0.05070487  0.87311885  0.03611393  0.04006235]\n",
      " [ 0.02966586  0.02419767  0.89337505  0.05276142]\n",
      " [ 0.04211731  0.03023103  0.02437826  0.9032734 ]]\n",
      "Rho: [ 0.24903007  0.2506765   0.25029433  0.2499991 ]\n",
      "Accuracy is 100.0%\n",
      "\n",
      "---------------------------------------------------------------\n",
      "Separate Confusion Matrices\n",
      "200 data points\n",
      "Converged within 2 iterations\n",
      "Theta:\n",
      "[[[ 0.69120955  0.12635754  0.09343408  0.08899882]\n",
      "  [ 0.12538186  0.67801173  0.10323275  0.09337365]\n",
      "  [ 0.10090096  0.08784584  0.69579689  0.11545631]\n",
      "  [ 0.12163755  0.09527225  0.0916094   0.6914808 ]]\n",
      "\n",
      " [[ 0.65594595  0.11909406  0.13003577  0.09492422]\n",
      "  [ 0.1113255   0.70987865  0.09567274  0.08312311]\n",
      "  [ 0.10472482  0.09843869  0.66110854  0.13572795]\n",
      "  [ 0.12566554  0.11949704  0.09916502  0.65567239]]\n",
      "\n",
      " [[ 0.66319478  0.09901614  0.08271542  0.15507366]\n",
      "  [ 0.09735096  0.70420268  0.07091097  0.12753539]\n",
      "  [ 0.08388271  0.08677768  0.70390902  0.12543059]\n",
      "  [ 0.09439521  0.0772124   0.08572237  0.74267002]]\n",
      "\n",
      " [[ 0.72423669  0.10587773  0.08607721  0.08380837]\n",
      "  [ 0.14903794  0.62198942  0.11654039  0.11243225]\n",
      "  [ 0.11776415  0.09597508  0.70592334  0.08033743]\n",
      "  [ 0.12885106  0.10204556  0.09510782  0.67399557]]\n",
      "\n",
      " [[ 0.62542643  0.11022576  0.10398352  0.16036429]\n",
      "  [ 0.09002716  0.70479724  0.09936811  0.10580748]\n",
      "  [ 0.07723356  0.10263477  0.72867715  0.09145452]\n",
      "  [ 0.1245044   0.08929825  0.13081639  0.65538096]]]\n",
      "Rho: [ 0.24186379  0.24730683  0.25666659  0.25416279]\n",
      "Accuracy is 100.0%\n",
      "\n",
      "---------------------------------------------------------------\n",
      "Shared Confusion Matrix\n",
      "500 data points\n",
      "Converged within 2 iterations\n",
      "Theta:\n",
      "[[ 0.84625961  0.0392245   0.07761826  0.03689764]\n",
      " [ 0.03130445  0.89565388  0.03911837  0.03392331]\n",
      " [ 0.03623876  0.0332651   0.89515015  0.03534598]\n",
      " [ 0.05466519  0.04100106  0.03010387  0.87422987]]\n",
      "Rho: [ 0.25179661  0.25084852  0.25105119  0.24630368]\n",
      "Accuracy is 99.6%\n",
      "\n",
      "---------------------------------------------------------------\n",
      "Separate Confusion Matrices\n",
      "500 data points\n",
      "Converged within 2 iterations\n",
      "Theta:\n",
      "[[[ 0.66284989  0.10855586  0.12009766  0.10849659]\n",
      "  [ 0.11714683  0.69633545  0.09677754  0.08974018]\n",
      "  [ 0.11193198  0.0918533   0.6917968   0.10441792]\n",
      "  [ 0.12060216  0.12645404  0.08485587  0.66808793]]\n",
      "\n",
      " [[ 0.65333777  0.10556755  0.12228279  0.11881189]\n",
      "  [ 0.09768174  0.7094373   0.09580664  0.09707432]\n",
      "  [ 0.1181649   0.11344196  0.66835143  0.10004171]\n",
      "  [ 0.11895712  0.1087131   0.11746471  0.65486507]]\n",
      "\n",
      " [[ 0.61894566  0.11199285  0.15513249  0.113929  ]\n",
      "  [ 0.10146682  0.67187082  0.10643818  0.12022417]\n",
      "  [ 0.12232562  0.08938356  0.66980753  0.11848328]\n",
      "  [ 0.13641931  0.09356355  0.10507599  0.66494116]]\n",
      "\n",
      " [[ 0.66005841  0.10734018  0.1171956   0.11540581]\n",
      "  [ 0.10984458  0.66694832  0.12000125  0.10320585]\n",
      "  [ 0.11119984  0.10843029  0.69193689  0.08843298]\n",
      "  [ 0.11531854  0.09919883  0.10451409  0.68096853]]\n",
      "\n",
      " [[ 0.67727154  0.09454029  0.11167633  0.11651183]\n",
      "  [ 0.13571237  0.65486118  0.10594365  0.1034828 ]\n",
      "  [ 0.11728246  0.09252564  0.69256808  0.09762382]\n",
      "  [ 0.13051739  0.09233256  0.10756771  0.66958234]]]\n",
      "Rho: [ 0.24077005  0.25436058  0.26300181  0.24186757]\n",
      "Accuracy is 99.2%\n",
      "\n"
     ]
    }
   ],
   "source": [
    "ran = ['40','80','100','200','500']\n",
    "results_MC_single_easy=np.zeros(len(ran))\n",
    "results_MC_multiple_easy=np.zeros(len(ran))\n",
    "\n",
    "for ii, num in enumerate(ran):\n",
    "    data = '../data/same_preset_MC_'+num+'_5_4.npz.npy'\n",
    "    trueCls = '../data/same_preset_MC_'+num+'_5_4_reference_classes.npy'\n",
    "    results_MC_single_easy[ii] = results_MC_single(data, trueCls)\n",
    "    results_MC_multiple_easy[ii] = results_MC_multiple(data, trueCls)\n"
   ]
  },
  {
   "cell_type": "markdown",
   "metadata": {},
   "source": [
    "## Multiclass--hard"
   ]
  },
  {
   "cell_type": "code",
   "execution_count": 23,
   "metadata": {
    "collapsed": false,
    "scrolled": true
   },
   "outputs": [
    {
     "name": "stdout",
     "output_type": "stream",
     "text": [
      "---------------------------------------------------------------\n",
      "Shared Confusion Matrix\n",
      "40 data points\n",
      "Converged within 2 iterations\n",
      "Theta:\n",
      "[[ 0.67841758  0.06463535  0.07754329  0.17940378]\n",
      " [ 0.16663975  0.6130368   0.15656751  0.06375594]\n",
      " [ 0.0314023   0.07782152  0.68963642  0.20113975]\n",
      " [ 0.10250931  0.11875205  0.19862498  0.58011366]]\n",
      "Rho: [ 0.24985445  0.25153834  0.26416265  0.23444456]\n",
      "Accuracy is 90.0%\n",
      "\n",
      "---------------------------------------------------------------\n",
      "Separate Confusion Matrices\n",
      "40 data points\n",
      "Converged within 2 iterations\n",
      "Theta:\n",
      "[[[ 0.38169501  0.22055959  0.18139226  0.21635315]\n",
      "  [ 0.1464923   0.48327289  0.19761414  0.17262068]\n",
      "  [ 0.11435532  0.18918553  0.46242333  0.23403583]\n",
      "  [ 0.15957372  0.2341612   0.23077649  0.37548859]]\n",
      "\n",
      " [[ 0.41238617  0.15513643  0.28770163  0.14477577]\n",
      "  [ 0.23576236  0.35547535  0.24155758  0.16720471]\n",
      "  [ 0.20177271  0.14985028  0.47355202  0.17482499]\n",
      "  [ 0.25293998  0.15803331  0.37523197  0.21379474]]\n",
      "\n",
      " [[ 0.28457894  0.16471009  0.22266318  0.32804779]\n",
      "  [ 0.21520685  0.23225249  0.36312209  0.18941857]\n",
      "  [ 0.12342385  0.22268032  0.42112958  0.23276626]\n",
      "  [ 0.18545819  0.18049282  0.2857098   0.3483392 ]]\n",
      "\n",
      " [[ 0.5005855   0.16513151  0.11646778  0.21781522]\n",
      "  [ 0.25341034  0.36961861  0.12913701  0.24783403]\n",
      "  [ 0.19899252  0.12889389  0.36764849  0.3044651 ]\n",
      "  [ 0.25104494  0.15832531  0.16177384  0.42885592]]\n",
      "\n",
      " [[ 0.3879697   0.18342533  0.14201638  0.28658859]\n",
      "  [ 0.18701453  0.34933442  0.19759383  0.26605722]\n",
      "  [ 0.20045152  0.14424471  0.39909647  0.25620729]\n",
      "  [ 0.22258455  0.14087992  0.24095473  0.3955808 ]]]\n",
      "Rho: [ 0.25184441  0.2277357   0.27720174  0.24321815]\n",
      "Accuracy is 90.0%\n",
      "\n",
      "---------------------------------------------------------------\n",
      "Shared Confusion Matrix\n",
      "80 data points\n",
      "Converged within 2 iterations\n",
      "Theta:\n",
      "[[ 0.6854737   0.09813893  0.10893546  0.10745191]\n",
      " [ 0.11037272  0.73531593  0.1083461   0.04596525]\n",
      " [ 0.08476862  0.05806376  0.76531422  0.0918534 ]\n",
      " [ 0.06617631  0.10343989  0.05709953  0.77328427]]\n",
      "Rho: [ 0.20395047  0.25954255  0.29161756  0.24488941]\n",
      "Accuracy is 86.25%\n",
      "\n",
      "---------------------------------------------------------------\n",
      "Separate Confusion Matrices\n",
      "80 data points\n",
      "Converged within 2 iterations\n",
      "Theta:\n",
      "[[[ 0.43792488  0.18979482  0.17684007  0.19544023]\n",
      "  [ 0.19767505  0.45172654  0.18464557  0.16595283]\n",
      "  [ 0.18724632  0.16926344  0.51608607  0.12740416]\n",
      "  [ 0.1564546   0.19313356  0.16962934  0.48078251]]\n",
      "\n",
      " [[ 0.41869873  0.22493854  0.15732131  0.19904142]\n",
      "  [ 0.19751568  0.44328938  0.18917189  0.17002305]\n",
      "  [ 0.15125677  0.19615997  0.46857962  0.18400364]\n",
      "  [ 0.16537196  0.1894659   0.13607669  0.50908545]]\n",
      "\n",
      " [[ 0.32727896  0.14290725  0.33453301  0.19528079]\n",
      "  [ 0.17707437  0.36751492  0.29509713  0.16031358]\n",
      "  [ 0.1376512   0.13635963  0.58389589  0.14209328]\n",
      "  [ 0.18240724  0.15516375  0.29651159  0.36591742]]\n",
      "\n",
      " [[ 0.33951423  0.2846316   0.16629822  0.20955595]\n",
      "  [ 0.13581653  0.5036696   0.13505206  0.22546181]\n",
      "  [ 0.1387344   0.19740736  0.45661053  0.20724771]\n",
      "  [ 0.10922139  0.22648324  0.1463246   0.51797077]]\n",
      "\n",
      " [[ 0.48035963  0.23695613  0.17510988  0.10757436]\n",
      "  [ 0.2526238   0.40377962  0.1926349   0.15096168]\n",
      "  [ 0.22378391  0.20703132  0.45129929  0.11788548]\n",
      "  [ 0.27593595  0.25794198  0.13696805  0.32915402]]]\n",
      "Rho: [ 0.21982366  0.24939947  0.28875332  0.24202355]\n",
      "Accuracy is 87.5%\n",
      "\n",
      "---------------------------------------------------------------\n",
      "Shared Confusion Matrix\n",
      "100 data points\n",
      "Converged within 2 iterations\n",
      "Theta:\n",
      "[[ 0.77131613  0.09628318  0.07709431  0.05530638]\n",
      " [ 0.05296636  0.79692501  0.06462389  0.08548474]\n",
      " [ 0.02486142  0.10176635  0.73743438  0.13593784]\n",
      " [ 0.1495724   0.07250651  0.04397682  0.73394427]]\n",
      "Rho: [ 0.25387836  0.25006707  0.26671021  0.22934436]\n",
      "Accuracy is 97.0%\n",
      "\n",
      "---------------------------------------------------------------\n",
      "Separate Confusion Matrices\n",
      "100 data points\n",
      "Converged within 2 iterations\n",
      "Theta:\n",
      "[[[ 0.51356242  0.1543765   0.12105152  0.21100955]\n",
      "  [ 0.16790402  0.49866502  0.15035111  0.18307985]\n",
      "  [ 0.14710799  0.16259528  0.48276574  0.20753099]\n",
      "  [ 0.15162291  0.17608153  0.16773323  0.50456233]]\n",
      "\n",
      " [[ 0.44109747  0.17709695  0.1900412   0.19176437]\n",
      "  [ 0.15704018  0.42308143  0.21957911  0.20029928]\n",
      "  [ 0.1332298   0.17318638  0.48337194  0.21021189]\n",
      "  [ 0.17509719  0.17963231  0.2284255   0.41684501]]\n",
      "\n",
      " [[ 0.48148252  0.25465308  0.18309678  0.08076763]\n",
      "  [ 0.17580607  0.52688298  0.19109231  0.10621864]\n",
      "  [ 0.1492035   0.24004866  0.46921243  0.14153541]\n",
      "  [ 0.26496716  0.25006249  0.1965197   0.28845065]]\n",
      "\n",
      " [[ 0.49958385  0.15274741  0.12888163  0.21878711]\n",
      "  [ 0.15678603  0.48365253  0.13144756  0.22811388]\n",
      "  [ 0.16511558  0.21951789  0.377533    0.23783354]\n",
      "  [ 0.16048828  0.17613419  0.16424462  0.49913291]]\n",
      "\n",
      " [[ 0.46582958  0.20999386  0.17838405  0.14579251]\n",
      "  [ 0.19977103  0.34741218  0.23083122  0.22198557]\n",
      "  [ 0.15208323  0.1969155   0.45285572  0.19814555]\n",
      "  [ 0.20906993  0.20089661  0.26270577  0.32732769]]]\n",
      "Rho: [ 0.26335828  0.25735368  0.25087613  0.22841191]\n",
      "Accuracy is 96.0%\n",
      "\n",
      "---------------------------------------------------------------\n",
      "Shared Confusion Matrix\n",
      "200 data points\n",
      "Converged within 2 iterations\n",
      "Theta:\n",
      "[[ 0.7137918   0.09784521  0.08389065  0.10447233]\n",
      " [ 0.12699044  0.74070303  0.05499336  0.07731317]\n",
      " [ 0.10519026  0.08619778  0.76176334  0.04684862]\n",
      " [ 0.10176616  0.09615094  0.09162541  0.71045749]]\n",
      "Rho: [ 0.26310443  0.24809801  0.27717873  0.21161883]\n",
      "Accuracy is 90.0%\n",
      "\n",
      "---------------------------------------------------------------\n",
      "Separate Confusion Matrices\n",
      "200 data points\n",
      "Converged within 2 iterations\n",
      "Theta:\n",
      "[[[ 0.4609665   0.17978466  0.16898583  0.19026301]\n",
      "  [ 0.19621554  0.44742063  0.17589664  0.1804672 ]\n",
      "  [ 0.17961959  0.1587411   0.48998575  0.17165356]\n",
      "  [ 0.19141935  0.1807516   0.17844716  0.44938189]]\n",
      "\n",
      " [[ 0.43866868  0.17597008  0.22185088  0.16351036]\n",
      "  [ 0.22450927  0.39558718  0.21471146  0.16519209]\n",
      "  [ 0.1931121   0.17541606  0.49187328  0.13959856]\n",
      "  [ 0.21509733  0.19976051  0.22876516  0.356377  ]]\n",
      "\n",
      " [[ 0.43390341  0.21116567  0.20447005  0.15046088]\n",
      "  [ 0.28235791  0.41593272  0.16553361  0.13617576]\n",
      "  [ 0.23215699  0.2058058   0.43627625  0.12576096]\n",
      "  [ 0.26688996  0.21120437  0.19133292  0.33057275]]\n",
      "\n",
      " [[ 0.41128787  0.2250833   0.1757417   0.18788713]\n",
      "  [ 0.17054801  0.46497502  0.18970401  0.17477296]\n",
      "  [ 0.19159377  0.20455861  0.43955158  0.16429604]\n",
      "  [ 0.19623306  0.23227095  0.19450519  0.37699079]]\n",
      "\n",
      " [[ 0.39796029  0.1804329   0.21217705  0.20942977]\n",
      "  [ 0.18910877  0.31860342  0.26009855  0.23218925]\n",
      "  [ 0.18912875  0.19507165  0.37303986  0.24275974]\n",
      "  [ 0.21708659  0.16530337  0.22278885  0.39482118]]]\n",
      "Rho: [ 0.26195557  0.24555846  0.27174031  0.22074567]\n",
      "Accuracy is 89.0%\n",
      "\n",
      "---------------------------------------------------------------\n",
      "Shared Confusion Matrix\n",
      "500 data points\n",
      "Converged within 2 iterations\n",
      "Theta:\n",
      "[[ 0.70671456  0.10561435  0.10308602  0.08458507]\n",
      " [ 0.09156808  0.69909051  0.10026549  0.10907593]\n",
      " [ 0.10108144  0.08995804  0.72333734  0.08562318]\n",
      " [ 0.07544843  0.09576609  0.0967431   0.73204237]]\n",
      "Rho: [ 0.25475343  0.24719884  0.24381056  0.25423717]\n",
      "Accuracy is 92.2%\n",
      "\n",
      "---------------------------------------------------------------\n",
      "Separate Confusion Matrices\n",
      "500 data points\n",
      "Converged within 2 iterations\n",
      "Theta:\n",
      "[[[ 0.44411881  0.18873539  0.18735964  0.17978616]\n",
      "  [ 0.18412766  0.45317718  0.17600051  0.18669465]\n",
      "  [ 0.18292542  0.19266423  0.44496636  0.17944399]\n",
      "  [ 0.17915889  0.18849705  0.1757058   0.45663825]]\n",
      "\n",
      " [[ 0.41147263  0.20110441  0.19140397  0.196019  ]\n",
      "  [ 0.20791704  0.40687879  0.19008274  0.19512142]\n",
      "  [ 0.20405436  0.219428    0.3936017   0.18291594]\n",
      "  [ 0.18366148  0.21775727  0.19292335  0.4056579 ]]\n",
      "\n",
      " [[ 0.38997505  0.18312062  0.22805107  0.19885327]\n",
      "  [ 0.21369436  0.32431762  0.23861385  0.22337417]\n",
      "  [ 0.21669987  0.14695802  0.41070107  0.22564104]\n",
      "  [ 0.20265615  0.16571684  0.2113263   0.42030071]]\n",
      "\n",
      " [[ 0.38812505  0.22028793  0.19698396  0.19460306]\n",
      "  [ 0.18264992  0.42261629  0.1850541   0.20967969]\n",
      "  [ 0.18034779  0.21873461  0.41322611  0.18769149]\n",
      "  [ 0.16777972  0.20801718  0.19650994  0.42769317]]\n",
      "\n",
      " [[ 0.40208514  0.20180778  0.19464318  0.2014639 ]\n",
      "  [ 0.22433165  0.35424084  0.22329678  0.19813073]\n",
      "  [ 0.21600516  0.20575536  0.36057076  0.21766872]\n",
      "  [ 0.24396627  0.21010305  0.19040507  0.35552561]]]\n",
      "Rho: [ 0.25170164  0.24331847  0.24990366  0.25507623]\n",
      "Accuracy is 95.4%\n",
      "\n"
     ]
    }
   ],
   "source": [
    "ran = ['40','80','100','200','500']\n",
    "results_MC_single_extrahard=np.zeros(len(ran))\n",
    "results_MC_multiple_extrahard=np.zeros(len(ran))\n",
    "\n",
    "for ii, num in enumerate(ran):\n",
    "    data = '../data/extrahard_MC_'+num+'_5_4.npz.npy'\n",
    "    trueCls = '../data/extrahard_MC_'+num+'_5_4_reference_classes.npy'\n",
    "    results_MC_single_extrahard[ii] = results_MC_single(data, trueCls)\n",
    "    results_MC_multiple_extrahard[ii] = results_MC_multiple(data, trueCls)\n"
   ]
  },
  {
   "cell_type": "markdown",
   "metadata": {},
   "source": [
    "## Yes/No--Easy"
   ]
  },
  {
   "cell_type": "code",
   "execution_count": 24,
   "metadata": {
    "collapsed": false
   },
   "outputs": [
    {
     "name": "stdout",
     "output_type": "stream",
     "text": [
      "---------------------------------------------------------------\n",
      "Separate Confusion Matrices: YN\n",
      "40 data points\n",
      "Converged within 2 iterations\n",
      "Theta:\n",
      "[[[  9.99999994e-01   1.00000006e-01   1.60358358e-18   5.74760047e-22]\n",
      "  [  1.00000003e-01   7.99999997e-01   1.00000000e-01   1.07948330e-16]\n",
      "  [  4.53628020e-18   2.17344327e-15   1.00000000e+00   2.57901418e-20]\n",
      "  [  2.88379345e-20   2.00000000e-01   1.10701342e-20   8.00000000e-01]]\n",
      "\n",
      " [[  9.99999994e-01   1.99999997e-01   3.47721565e-17   5.74760047e-22]\n",
      "  [  2.40138644e-09   8.00000005e-01   1.00000000e-01   1.07948330e-16]\n",
      "  [  1.00000000e-01   1.00000000e-01   1.00000000e+00   2.57901418e-20]\n",
      "  [  1.81659131e-20   1.00000000e-01   1.11198627e-20   8.00000000e-01]]\n",
      "\n",
      " [[  7.99999997e-01   1.00000006e-01   6.83803151e-23   5.02933602e-15]\n",
      "  [  1.00000000e-01   8.99999997e-01   5.52105930e-13   1.14007162e-13]\n",
      "  [  1.00000000e-01   1.00000000e-01   8.00000000e-01   1.00000000e-01]\n",
      "  [  1.00000000e-01   3.00000000e-01   1.00000000e-01   1.00000000e+00]]\n",
      "\n",
      " [[  1.00000000e+00   1.00000003e-01   9.99999996e-02   9.99999996e-02]\n",
      "  [  9.99999966e-02   9.00000000e-01   1.00000000e-01   2.57194458e-12]\n",
      "  [  1.00000000e-01   6.76583962e-13   1.00000000e+00   6.42644896e-16]\n",
      "  [  1.00000000e-01   3.00000000e-01   1.75550182e-19   9.00000000e-01]]\n",
      "\n",
      " [[  7.00000001e-01   1.00000006e-01   5.03004209e-15   5.02933602e-15]\n",
      "  [  9.99999965e-02   9.99999998e-01   1.64447455e-12   2.01439112e-14]\n",
      "  [  2.01834734e-19   2.00000000e-01   9.00000000e-01   1.00000000e-01]\n",
      "  [  2.50217623e-19   9.05272458e-15   1.00000000e-01   1.00000000e+00]]]\n",
      "Rho: [ 0.25  0.25  0.25  0.25]\n",
      "Accuracy is 100.0%\n",
      "\n",
      "---------------------------------------------------------------\n",
      "Separate Confusion Matrices: YN\n",
      "80 data points\n",
      "Converged within 2 iterations\n",
      "Theta:\n",
      "[[[  8.49695345e-01   4.99497349e-02   4.99820819e-02   4.99848632e-02]\n",
