{
 "cells": [
  {
   "cell_type": "code",
   "execution_count": 1,
   "metadata": {
    "collapsed": true
   },
   "outputs": [],
   "source": [
    "import numpy as np\n",
    "import matplotlib.pyplot as plt\n",
    "import scipy.misc as misc\n",
    "%matplotlib inline"
   ]
  },
  {
   "cell_type": "markdown",
   "metadata": {},
   "source": [
    "## EM with Single Confusion Matrix"
   ]
  },
  {
   "cell_type": "code",
   "execution_count": 2,
   "metadata": {
    "collapsed": false
   },
   "outputs": [],
   "source": [
    "def E_step(rho, theta, r):\n",
    "    num_data = r.shape[0]\n",
    "    num_classes = theta.shape[0]\n",
    "    num_experts = r.shape[1]\n",
    "    \n",
    "    zeds = np.zeros((num_data, num_classes))\n",
    "    \n",
    "    for i in range(num_data):\n",
    "        for k in range(num_classes):\n",
    "            log_numerator = np.log(rho[k]) + np.sum([[np.sum(r[i,j]==t)*np.log(theta[k,t]) \\\n",
    "                                                      for j in range(num_experts)] for t in range(num_classes)])\n",
    "            log_denominator = misc.logsumexp([np.log(rho[k_p]) + np.sum([[np.sum(r[i,j]==t)*np.log(theta[k_p,t]) \\\n",
    "                                                for j in range(num_experts)] for t in range(num_classes)]) \\\n",
    "                                              for k_p in range(num_classes)])\n",
    "            zeds[i,k] = np.exp(log_numerator - log_denominator)\n",
    "    return zeds"
   ]
  },
  {
   "cell_type": "code",
   "execution_count": 3,
   "metadata": {
    "collapsed": false
   },
   "outputs": [],
   "source": [
    "def M_step(z,r):\n",
    "    num_classes = z.shape[1]\n",
    "    num_data = z.shape[0]\n",
    "    num_experts = r.shape[1]\n",
    "    \n",
    "    thet = np.zeros((num_classes,num_classes))\n",
    "    for k in range(num_classes):\n",
    "        for t in range(num_classes):\n",
    "            numerator=0\n",
    "            denominator=0\n",
    "            for i in range(num_data):\n",
    "                for j in range(num_classes):\n",
    "                    numerator += np.sum(z[i,k][r[i,j]==t])\n",
    "                    denominator += np.sum([np.sum(z[i,k][r[i,j]==t_p]) for t_p in range(num_classes)])\n",
    "  \n",
    "            thet[k,t] = numerator/denominator\n",
    "    \n",
    "    rh = np.zeros(num_classes)\n",
    "    for k in range(num_classes):\n",
    "        rh[k] = np.sum(z[:,k])/np.sum(z)\n",
    "            \n",
    "    return thet, rh"
   ]
  },
  {
   "cell_type": "code",
   "execution_count": 4,
   "metadata": {
    "collapsed": false
   },
   "outputs": [],
   "source": [
    "# A function to run it:\n",
    "\n",
    "def results_shared_conf(data_file, true_class_file):\n",
    "    data = np.load(data_file)\n",
    "    trueCls = np.load(true_class_file)\n",
    "    \n",
    "    # Reconfigure data to resemble that used in Liu and Wang\n",
    "    r = np.argmax(data,axis=2)\n",
    "\n",
    "    # Number of data points\n",
    "    num_data     = data.shape[0]\n",
    "    # Number of experts performing classification\n",
    "    num_experts  = data.shape[1]\n",
    "    # Number of classes\n",
    "    num_classes  = data.shape[2]\n",
    "\n",
    "    # Initialize rho, the proportion of each class, to be even.  \n",
    "    rho = np.repeat(1./num_classes, num_classes)\n",
    "\n",
    "    # Initialize the shared confusion matrix with a bias lambda\n",
    "    lambdaa = 5.\n",
    "    theta = np.ones((num_classes,num_classes))*(1./(lambdaa+num_classes))\n",
    "    np.fill_diagonal(theta, np.repeat((lambdaa/(lambdaa+num_classes)),num_classes))\n",
    "\n",
    "    # Nonsense initial values to test convergence\n",
    "    z_old = 500\n",
    "    z = 100\n",
    "    ctr = 0\n",
    "\n",
    "    while np.sum(z_old - z) > .00001:\n",
    "        z_old = z\n",
    "        z = E_step(rho, theta, r)\n",
    "        theta, rho = M_step(z, r)\n",
    "        ctr+=1\n",
    "\n",
    "    accuracy = 100.*np.sum(np.argmax(z,axis=1)==trueCls)/num_data\n",
    "    \n",
    "    print \"---------------------------------------------------------------\"\n",
    "    print \"Shared Confusion Matrix\"\n",
    "    print \"{} data points\".format(num_data)\n",
    "    print \"Converged within {} iterations\".format(ctr)\n",
    "    print \"Theta:\"\n",
    "    print theta\n",
    "    print \"Rho:\", rho\n",
    "    print \"Accuracy is {}%\".format(accuracy)\n",
    "    print\n",
    "    \n",
    "    return accuracy\n",
    "    "
   ]
  },
  {
   "cell_type": "markdown",
   "metadata": {},
   "source": [
    "## EM, multiple confusion matrices"
   ]
  },
  {
   "cell_type": "code",
   "execution_count": 5,
   "metadata": {
    "collapsed": false
   },
   "outputs": [],
   "source": [
    "def E_step2(rho, r, thetas):\n",
    "    num_data = r.shape[0]\n",
    "    num_classes = thetas.shape[1]\n",
    "    num_experts = r.shape[1]    \n",
    "    \n",
    "    zeds = np.zeros((num_data, num_classes))\n",
    "    \n",
    "    for i in range(num_data):\n",
    "        for k in range(num_classes):\n",
    "            log_numerator = np.log(rho[k]) + np.sum([thetas[j,k,r[i,j]] for j in range(num_experts)])\n",
    "            log_denominator = misc.logsumexp([np.log(rho[k_p]) + np.sum([thetas[j,k_p,r[i,j]]\\\n",
    "                                                                       for j in range(num_experts)]) \\\n",
    "                                                                          for k_p in range(num_classes)])\n",
    "            zeds[i,k] = np.exp(log_numerator - log_denominator)\n",
    "            \n",
    "    return zeds"
   ]
  },
  {
   "cell_type": "code",
   "execution_count": 6,
   "metadata": {
    "collapsed": true
   },
   "outputs": [],
   "source": [
    "def M_step2(z, r):\n",
    "    num_classes = z.shape[1]\n",
    "    num_data = z.shape[0]\n",
    "    num_experts = r.shape[1]\n",
    "    \n",
    "    thet = np.zeros((num_experts,num_classes,num_classes))\n",
    "    for k in range(num_classes):\n",
    "        for t in range(num_classes):\n",
    "            for j in range(num_experts):\n",
    "                numerator=0\n",
    "                denominator=0\n",
    "                for i in range(num_data):\n",
    "                    numerator += np.sum(z[i,k][r[i,j]==t])\n",
    "                    denominator += np.sum([np.sum(z[i,k][r[i,j]==t_p]) for t_p in range(num_classes)])\n",
    "                thet[j,k,t] = numerator/denominator\n",
    "    \n",
    "    rh = np.zeros(num_classes)\n",
    "    for k in range(num_classes):\n",
    "        rh[k] = np.sum(z[:,k])/np.sum(z)\n",
    "            \n",
    "    return thet, rh\n",
    "                    "
   ]
  },
  {
   "cell_type": "code",
   "execution_count": 7,
   "metadata": {
    "collapsed": false
   },
   "outputs": [],
   "source": [
    "# Now run it:\n",
    "\n",
    "def results_separate_conf(data_file, true_class_file):\n",
    "    data = np.load(data_file)\n",
    "    trueCls = np.load(true_class_file)    \n",
    "    # Reconfigure data to resemble that used in Liu and Wang\n",
    "    r = np.argmax(data,axis=2)\n",
    "\n",
    "    # Number of data points\n",
    "    num_data     = data.shape[0]\n",
    "    # Number of experts performing classification\n",
    "    num_experts  = data.shape[1]\n",
    "    # Number of classes\n",
    "    num_classes  = data.shape[2]\n",
    "\n",
    "    # Initialize rho, the proportion of each class, to be even.  \n",
    "    rho = np.repeat(1./num_classes, num_classes)\n",
    "\n",
    "    # Initialize the shared confusion matrix with a bias lambda\n",
    "    lambdaa = 5.\n",
    "    theta = np.ones((num_classes,num_classes))*(1./(lambdaa+num_classes))\n",
    "    np.fill_diagonal(theta, np.repeat((lambdaa/(lambdaa+num_classes)),num_classes))\n",
    "    \n",
    "    # All the confusion matrices start out the same\n",
    "    thetas = np.stack([theta]*num_experts)\n",
    "\n",
    "    # Nonsense initial values to test convergence\n",
    "    z_old = 500\n",
    "    z = 100\n",
    "    ctr = 0\n",
    "\n",
    "    while np.sum(z_old - z) > .00001:\n",
    "        z_old = z\n",
    "        z = E_step2(rho, r, thetas)\n",
    "        thetas, rho = M_step2(z, r)\n",
    "        ctr+=1\n",
    "\n",
    "    accuracy = 100.*np.sum(np.argmax(z,axis=1)==trueCls)/num_data\n",
    "    \n",
    "    print \"---------------------------------------------------------------\"\n",
    "    print \"Separate Confusion Matrices\"\n",
    "    print \"{} data points\".format(num_data)\n",
    "    print \"Converged within {} iterations\".format(ctr)\n",
    "    print \"Theta:\"\n",
    "    print thetas\n",
    "    print \"Rho:\", rho\n",
    "    print \"Accuracy is {}%\".format(accuracy)\n",
    "    print\n",
    "    \n",
    "    return accuracy"
   ]
  },
  {
   "cell_type": "code",
   "execution_count": 8,
   "metadata": {
    "collapsed": false
   },
   "outputs": [
    {
     "name": "stdout",
     "output_type": "stream",
     "text": [
      "---------------------------------------------------------------\n",
      "Shared Confusion Matrix\n",
      "40 data points\n",
      "Converged within 2 iterations\n",
      "Theta:\n",
      "[[  9.04362233e-01   4.50557416e-02   2.53416402e-02   2.52403850e-02]\n",
      " [  5.48653195e-02   9.20397974e-01   3.82469151e-07   2.47363239e-02]\n",
      " [  2.49760152e-02   5.02084703e-02   9.24815490e-01   2.43117252e-08]\n",
      " [  7.51179541e-02   1.05904612e-07   7.49967395e-02   8.49885200e-01]]\n",
      "Rho: [ 0.24725674  0.25266898  0.25002987  0.2500444 ]\n",
      "Accuracy is 100.0%\n",
      "\n",
      "---------------------------------------------------------------\n",
      "Separate Confusion Matrices\n",
      "40 data points\n",
      "Converged within 2 iterations\n",
      "Theta:\n",
      "[[[ 0.70459973  0.07103949  0.06459989  0.15976089]\n",
      "  [ 0.07277739  0.77489563  0.07818466  0.07414232]\n",
      "  [ 0.05573941  0.06949027  0.78251458  0.09225574]\n",
      "  [ 0.05895364  0.06503396  0.06544907  0.81056333]]\n",
      "\n",
      " [[ 0.70334707  0.10086089  0.13575022  0.06004183]\n",
      "  [ 0.21528457  0.65911004  0.0811141   0.04449129]\n",
      "  [ 0.11866448  0.06312256  0.76644269  0.05177026]\n",
      "  [ 0.15506235  0.06000173  0.21440103  0.57053489]]\n",
      "\n",
      " [[ 0.74872754  0.12441165  0.07254987  0.05431094]\n",
      "  [ 0.06646378  0.80259511  0.08562174  0.04531937]\n",
      "  [ 0.06821889  0.07828832  0.79620541  0.05728738]\n",
      "  [ 0.21626633  0.07413902  0.13973258  0.56986207]]\n",
      "\n",
      " [[ 0.7750594   0.07647952  0.05141592  0.09704516]\n",
      "  [ 0.0801413   0.72831037  0.05457823  0.13697011]\n",
      "  [ 0.062657    0.20864493  0.63606597  0.09263211]\n",
      "  [ 0.0738651   0.06658484  0.05054082  0.80900924]]\n",
      "\n",
      " [[ 0.7750594   0.07982798  0.0558114   0.08930122]\n",
      "  [ 0.0801413   0.72295473  0.13012556  0.06677841]\n",
      "  [ 0.062657    0.11010149  0.74190336  0.08533815]\n",
      "  [ 0.0738651   0.0685698   0.06191323  0.79565187]]]\n",
      "Rho: [ 0.25293958  0.25683748  0.25310762  0.23711533]\n",
      "Accuracy is 100.0%\n",
      "\n",
      "---------------------------------------------------------------\n",
      "Shared Confusion Matrix\n",
      "80 data points\n",
      "Converged within 2 iterations\n",
      "Theta:\n",
      "[[ 0.82206415  0.0628818   0.07699677  0.03805728]\n",
      " [ 0.02522244  0.88696321  0.06297261  0.02484173]\n",
      " [ 0.02434359  0.04950022  0.90144198  0.02471421]\n",
      " [ 0.03756149  0.02499351  0.0125071   0.9249379 ]]\n",
      "Rho: [ 0.2510371   0.25017996  0.24881253  0.2499704 ]\n",
      "Accuracy is 100.0%\n",
      "\n",
      "---------------------------------------------------------------\n",
      "Separate Confusion Matrices\n",
      "80 data points\n",
      "Converged within 2 iterations\n",
      "Theta:\n",
      "[[[ 0.65275402  0.08154486  0.16257984  0.10312128]\n",
      "  [ 0.09294811  0.74517392  0.0887464   0.07313157]\n",
      "  [ 0.09361626  0.08271417  0.75572357  0.067946  ]\n",
      "  [ 0.09486289  0.07638943  0.07987073  0.74887695]]\n",
      "\n",
      " [[ 0.70198939  0.1615444   0.06852004  0.06794617]\n",
      "  [ 0.12821149  0.66989008  0.15412046  0.04777796]\n",
      "  [ 0.14038345  0.20467504  0.57689848  0.07804304]\n",
      "  [ 0.21305403  0.15198272  0.08491282  0.55005042]]\n",
      "\n",
      " [[ 0.53616191  0.08886872  0.18814543  0.18682394]\n",
      "  [ 0.06970425  0.66554574  0.12286689  0.14188311]\n",
      "  [ 0.1001617   0.07183357  0.74287631  0.08512843]\n",
      "  [ 0.07165503  0.06220333  0.08414886  0.78199278]]\n",
      "\n",
      " [[ 0.61484837  0.12335223  0.12275855  0.13904085]\n",
      "  [ 0.09978508  0.70028639  0.11331091  0.08661762]\n",
      "  [ 0.08587227  0.08550163  0.72887453  0.09975157]\n",
      "  [ 0.08159204  0.08007696  0.06986058  0.76847043]]\n",
      "\n",
      " [[ 0.74284152  0.07698064  0.11085805  0.0693198 ]\n",
      "  [ 0.13060849  0.71109858  0.07281218  0.08548075]\n",
      "  [ 0.18185937  0.07845101  0.68686906  0.05282056]\n",
      "  [ 0.2788083   0.06994107  0.06557694  0.58567369]]]\n",
      "Rho: [ 0.23471603  0.25535481  0.25663822  0.25329093]\n",
      "Accuracy is 100.0%\n",
      "\n",
      "---------------------------------------------------------------\n",
      "Shared Confusion Matrix\n",
      "100 data points\n",
      "Converged within 2 iterations\n",
      "Theta:\n",
      "[[ 0.66858872  0.14249103  0.0878699   0.10105035]\n",
      " [ 0.05752263  0.75858097  0.08791337  0.09598302]\n",
      " [ 0.11845414  0.13892842  0.61020376  0.13241368]\n",
      " [ 0.09797744  0.12010559  0.08616558  0.69575139]]\n",
      "Rho: [ 0.23954367  0.24615712  0.25856118  0.25573803]\n",
      "Accuracy is 93.0%\n",
      "\n",
      "---------------------------------------------------------------\n",
      "Separate Confusion Matrices\n",
      "100 data points\n",
      "Converged within 2 iterations\n",
      "Theta:\n",
      "[[[ 0.46525106  0.17656096  0.18032541  0.17786257]\n",
      "  [ 0.19033229  0.47020044  0.16972406  0.16974321]\n",
      "  [ 0.21128003  0.17864756  0.42057163  0.18950079]\n",
      "  [ 0.20868546  0.14380878  0.16608087  0.48142489]]\n",
      "\n",
      " [[ 0.36278694  0.26183222  0.1714444   0.20393643]\n",
      "  [ 0.18734513  0.44697642  0.21305042  0.15262803]\n",
      "  [ 0.20085247  0.23000292  0.37321632  0.19592828]\n",
      "  [ 0.19222902  0.23988961  0.16978716  0.39809421]]\n",
      "\n",
      " [[ 0.30262786  0.27935481  0.18915667  0.22886066]\n",
      "  [ 0.18322055  0.44498667  0.18079156  0.19100122]\n",
      "  [ 0.24954983  0.28327592  0.27938546  0.18778878]\n",
      "  [ 0.202607    0.25558668  0.1964741   0.34533221]]\n",
      "\n",
      " [[ 0.38681947  0.20055529  0.19651371  0.21611153]\n",
      "  [ 0.15704642  0.48573299  0.14869987  0.20852072]\n",
      "  [ 0.14920699  0.22938476  0.39720301  0.22420525]\n",
      "  [ 0.13775209  0.1755242   0.15799154  0.52873218]]\n",
      "\n",
      " [[ 0.2787186   0.2181399   0.29573172  0.20740978]\n",
      "  [ 0.15175087  0.40866234  0.26342547  0.17616131]\n",
      "  [ 0.13378423  0.19776032  0.46848421  0.19997123]\n",
      "  [ 0.13260676  0.15718148  0.23129787  0.47891389]]]\n",
      "Rho: [ 0.21754662  0.27843513  0.2350022   0.26901606]\n",
      "Accuracy is 92.0%\n",
      "\n",
      "---------------------------------------------------------------\n",
      "Shared Confusion Matrix\n",
      "200 data points\n",
      "Converged within 2 iterations\n",
      "Theta:\n",
      "[[ 0.8153046   0.0666961   0.06882611  0.04917319]\n",
      " [ 0.0750905   0.82389592  0.06040873  0.04060484]\n",
      " [ 0.0537634   0.0398893   0.83831928  0.06802801]\n",
      " [ 0.06600792  0.04482002  0.05876908  0.83040298]]\n",
      "Rho: [ 0.25160719  0.24985536  0.24955522  0.24898223]\n",
      "Accuracy is 100.0%\n",
      "\n",
      "---------------------------------------------------------------\n",
      "Separate Confusion Matrices\n",
      "200 data points\n",
      "Converged within 2 iterations\n",
      "Theta:\n",
      "[[[ 0.66982881  0.11515681  0.10929181  0.10572257]\n",
      "  [ 0.12882625  0.64539225  0.10958639  0.11619511]\n",
      "  [ 0.10846059  0.10001596  0.67350291  0.11802054]\n",
      "  [ 0.10506751  0.09898358  0.11199334  0.68395557]]\n",
      "\n",
      " [[ 0.53611765  0.15897619  0.18025581  0.12465035]\n",
      "  [ 0.22340848  0.49155801  0.16927463  0.11575888]\n",
      "  [ 0.18074446  0.13484517  0.53538376  0.14902661]\n",
      "  [ 0.19597693  0.14727785  0.14459652  0.51214871]]\n",
      "\n",
      " [[ 0.58466815  0.15854837  0.11916519  0.13761828]\n",
      "  [ 0.12886201  0.62371965  0.1313683   0.11605005]\n",
      "  [ 0.13444225  0.12522891  0.60994441  0.13038443]\n",
      "  [ 0.12491801  0.15024807  0.12639617  0.59843775]]\n",
      "\n",
      " [[ 0.5750512   0.15448167  0.14933298  0.12113415]\n",
      "  [ 0.12407266  0.63214076  0.10949107  0.13429551]\n",
      "  [ 0.10542379  0.12405568  0.63830602  0.13221451]\n",
      "  [ 0.10901429  0.10717963  0.12771363  0.65609245]]\n",
      "\n",
      " [[ 0.67443386  0.11328534  0.1141292   0.09815159]\n",
      "  [ 0.15007847  0.60754524  0.12159947  0.12077682]\n",
      "  [ 0.13503191  0.09961288  0.66700072  0.09835449]\n",
      "  [ 0.11265327  0.11789782  0.12225617  0.64719274]]]\n",
      "Rho: [ 0.25380011  0.24093029  0.25693635  0.24833325]\n",
      "Accuracy is 100.0%\n",
      "\n",
      "---------------------------------------------------------------\n",
      "Shared Confusion Matrix\n",
      "500 data points\n",
      "Converged within 2 iterations\n",
      "Theta:\n",
      "[[ 0.8569383   0.05789767  0.0445462   0.04061784]\n",
      " [ 0.05636978  0.84880198  0.04684328  0.04798496]\n",
      " [ 0.04898896  0.04987472  0.8556231   0.04551322]\n",
      " [ 0.04522971  0.04644654  0.05813543  0.85018831]]\n",
      "Rho: [ 0.25013463  0.25155894  0.24778358  0.25052285]\n",
      "Accuracy is 99.8%\n",
      "\n",
      "---------------------------------------------------------------\n",
      "Separate Confusion Matrices\n",
      "500 data points\n",
      "Converged within 2 iterations\n",
      "Theta:\n",
      "[[[ 0.70807504  0.09356458  0.09881084  0.09954954]\n",
      "  [ 0.09764357  0.71042587  0.09404845  0.09788211]\n",
      "  [ 0.10118277  0.10289863  0.68659481  0.10932379]\n",
      "  [ 0.09194982  0.09288934  0.10182828  0.71333256]]\n",
      "\n",
      " [[ 0.58471149  0.14503017  0.15246923  0.1177891 ]\n",
      "  [ 0.14411628  0.57342736  0.15039162  0.13206474]\n",
      "  [ 0.13896408  0.12248121  0.58741311  0.15114161]\n",
      "  [ 0.13339026  0.16080141  0.13541402  0.57039431]]\n",
      "\n",
      " [[ 0.6748838   0.10948119  0.10470093  0.11093407]\n",
      "  [ 0.12976366  0.6173515   0.12615957  0.12672527]\n",
      "  [ 0.13330873  0.1311237   0.63516505  0.10040253]\n",
      "  [ 0.10978919  0.10355443  0.12974958  0.6569068 ]]\n",
      "\n",
      " [[ 0.6316318   0.1360252   0.12289804  0.10944496]\n",
      "  [ 0.10966561  0.6858487   0.11042547  0.09406021]\n",
      "  [ 0.10333467  0.1149149   0.67952165  0.10222877]\n",
      "  [ 0.10735087  0.10301923  0.12382979  0.66580011]]\n",
      "\n",
      " [[ 0.70307149  0.09707597  0.11147791  0.08837463]\n",
      "  [ 0.09611088  0.70494724  0.10728869  0.09165319]\n",
      "  [ 0.11663197  0.11424054  0.65865643  0.11047106]\n",
      "  [ 0.09952753  0.09983482  0.11091733  0.68972031]]]\n",
      "Rho: [ 0.2537648   0.25341525  0.24438636  0.24843359]\n",
      "Accuracy is 99.6%\n",
      "\n"
     ]
    }
   ],
   "source": [
    "ran = ['40','80','100','200','500']\n",
    "results_shared=np.zeros(len(ran))\n",
    "results_separate=np.zeros(len(ran))\n",
    "\n",
    "for ii, num in enumerate(ran):\n",
    "    data = '../data/preset_MC_'+num+'_5_4.npz.npy'\n",
    "    trueCls = '../data/preset_MC_'+num+'_5_4_reference_classes.npy'\n",
    "    results_shared[ii] = results_shared_conf(data, trueCls)\n",
    "    results_separate[ii] = results_separate_conf(data, trueCls)\n"
   ]
  },
  {
   "cell_type": "code",
   "execution_count": 9,
   "metadata": {
    "collapsed": false
   },
   "outputs": [
    {
     "name": "stdout",
     "output_type": "stream",
     "text": [
      "---------------------------------------------------------------\n",
      "Shared Confusion Matrix\n",
      "40 data points\n",
      "Converged within 2 iterations\n",
      "Theta:\n",
      "[[ 0.72172829  0.10013574  0.11728798  0.06084799]\n",
      " [ 0.00107322  0.86074608  0.05599006  0.08219064]\n",
      " [ 0.02535021  0.10081816  0.8232841   0.05054753]\n",
      " [ 0.15458393  0.12174368  0.04909853  0.67457386]]\n",
      "Rho: [ 0.26340998  0.22217686  0.25046779  0.26394537]\n",
      "Accuracy is 97.5%\n",
      "\n",
      "---------------------------------------------------------------\n",
      "Separate Confusion Matrices\n",
      "40 data points\n",
      "Converged within 2 iterations\n",
      "Theta:\n",
      "[[[ 0.5068209   0.19032236  0.11755529  0.18530144]\n",
      "  [ 0.12763035  0.49448081  0.13360073  0.24428811]\n",
      "  [ 0.09947751  0.27699185  0.43793533  0.18559531]\n",
      "  [ 0.17442299  0.23762549  0.07739732  0.5105542 ]]\n",
      "\n",
      " [[ 0.54507259  0.15380224  0.15886773  0.14225745]\n",
      "  [ 0.12332638  0.59380394  0.11852109  0.16434858]\n",
      "  [ 0.12508187  0.10708838  0.62565446  0.14217528]\n",
      "  [ 0.2157459   0.15582759  0.15117975  0.47724677]]\n",
      "\n",
      " [[ 0.38436457  0.19934701  0.26330398  0.15298444]\n",
      "  [ 0.10231605  0.623913    0.17759215  0.0961788 ]\n",
      "  [ 0.13001731  0.12551711  0.65520946  0.08925612]\n",
      "  [ 0.18883288  0.26935179  0.15710668  0.38470865]]\n",
      "\n",
      " [[ 0.64045523  0.12303381  0.09885853  0.13765243]\n",
      "  [ 0.13369457  0.5811213   0.11574379  0.16944034]\n",
      "  [ 0.15032907  0.14759918  0.59747952  0.10459224]\n",
      "  [ 0.18026734  0.15444975  0.14391387  0.52136904]]\n",
      "\n",
      " [[ 0.65076298  0.07150493  0.09674538  0.18098671]\n",
      "  [ 0.15309815  0.46495753  0.10910559  0.27283872]\n",
      "  [ 0.14276351  0.0773377   0.63819237  0.14170642]\n",
      "  [ 0.15740591  0.09253123  0.10496713  0.64509573]]]\n",
      "Rho: [ 0.24863799  0.24664849  0.27391119  0.23080233]\n",
      "Accuracy is 100.0%\n",
      "\n",
      "---------------------------------------------------------------\n",
      "Shared Confusion Matrix\n",
      "80 data points\n",
      "Converged within 2 iterations\n",
      "Theta:\n",
      "[[ 0.8704765   0.02852203  0.05062928  0.0503722 ]\n",
      " [ 0.08043527  0.71477387  0.0933266   0.11146426]\n",
      " [ 0.12109271  0.06647095  0.75807844  0.05435789]\n",
      " [ 0.11919193  0.09260735  0.05206519  0.73613553]]\n",
      "Rho: [ 0.24949301  0.26433774  0.25656192  0.22960733]\n",
      "Accuracy is 96.25%\n",
      "\n",
      "---------------------------------------------------------------\n",
      "Separate Confusion Matrices\n",
      "80 data points\n",
      "Converged within 2 iterations\n",
      "Theta:\n",
      "[[[ 0.60048547  0.14638627  0.11010566  0.1430226 ]\n",
      "  [ 0.19271327  0.4893836   0.11630757  0.20159556]\n",
      "  [ 0.20683853  0.13304809  0.49514828  0.1649651 ]\n",
      "  [ 0.17717589  0.16714494  0.11722893  0.53845024]]\n",
      "\n",
      " [[ 0.54035475  0.16326112  0.15887402  0.13751012]\n",
      "  [ 0.15404985  0.47145789  0.21737867  0.15711358]\n",
      "  [ 0.20573324  0.19525442  0.50669083  0.09232152]\n",
      "  [ 0.24069587  0.2032242   0.16166451  0.39441542]]\n",
      "\n",
      " [[ 0.61221279  0.13634194  0.11699079  0.13445449]\n",
      "  [ 0.15263958  0.54682184  0.11817394  0.18236464]\n",
      "  [ 0.13107558  0.16830238  0.52050765  0.18011439]\n",
      "  [ 0.17792559  0.19352854  0.13299467  0.4955512 ]]\n",
      "\n",
      " [[ 0.58339477  0.1367813   0.12678107  0.15304286]\n",
      "  [ 0.19196758  0.39455617  0.23309897  0.18037728]\n",
      "  [ 0.14463609  0.15328856  0.58336879  0.11870656]\n",
      "  [ 0.16029779  0.19631978  0.1552361   0.48814633]]\n",
      "\n",
      " [[ 0.54817343  0.13559742  0.15920155  0.15702759]\n",
      "  [ 0.14637428  0.47184965  0.18587882  0.19589725]\n",
      "  [ 0.09472549  0.16267599  0.61658308  0.12601544]\n",
      "  [ 0.14238223  0.16478224  0.17802214  0.51481339]]]\n",
      "Rho: [ 0.29330406  0.22575357  0.25817242  0.22276995]\n",
      "Accuracy is 95.0%\n",
      "\n",
      "---------------------------------------------------------------\n",
      "Shared Confusion Matrix\n",
      "100 data points\n",
      "Converged within 2 iterations\n",
      "Theta:\n",
      "[[ 0.73905069  0.12092512  0.0928323   0.0471919 ]\n",
      " [ 0.06919199  0.79181066  0.05660285  0.0823945 ]\n",
      " [ 0.08678175  0.08851302  0.73177221  0.09293302]\n",
      " [ 0.10634444  0.07579549  0.13120979  0.68665028]]\n",
      "Rho: [ 0.26886961  0.24642939  0.24559328  0.23910772]\n",
      "Accuracy is 96.0%\n",
      "\n",
      "---------------------------------------------------------------\n",
      "Separate Confusion Matrices\n",
      "100 data points\n",
      "Converged within 2 iterations\n",
      "Theta:\n",
      "[[[ 0.49920464  0.20469603  0.17125294  0.12484639]\n",
      "  [ 0.15101767  0.60462726  0.14087639  0.10347867]\n",
      "  [ 0.16433451  0.19793835  0.48432382  0.15340332]\n",
      "  [ 0.17669296  0.1864088   0.18618358  0.45071466]]\n",
      "\n",
      " [[ 0.42980371  0.20416829  0.20873588  0.15729213]\n",
      "  [ 0.11072969  0.49894131  0.14798563  0.24234336]\n",
      "  [ 0.15375775  0.16641542  0.44227528  0.23755156]\n",
      "  [ 0.13995636  0.12906985  0.17850306  0.55247073]]\n",
      "\n",
      " [[ 0.46176794  0.17574704  0.18909965  0.17338537]\n",
      "  [ 0.13675678  0.55383545  0.17213994  0.13726783]\n",
      "  [ 0.14854583  0.19020358  0.47633425  0.18491634]\n",
      "  [ 0.16510743  0.1575299   0.26764337  0.40971931]]\n",
      "\n",
      " [[ 0.62958514  0.11434381  0.15281664  0.10325441]\n",
      "  [ 0.28425529  0.40560719  0.19241796  0.11771956]\n",
      "  [ 0.28429789  0.13783837  0.4559021   0.12196164]\n",
      "  [ 0.2250386   0.19861587  0.2175098   0.35883574]]\n",
      "\n",
      " [[ 0.49181399  0.15598875  0.18054793  0.17164933]\n",
      "  [ 0.14633239  0.57226082  0.14120561  0.14020118]\n",
      "  [ 0.14281505  0.18756977  0.46173806  0.20787713]\n",
      "  [ 0.12534163  0.16020266  0.15475644  0.55969927]]]\n",
      "Rho: [ 0.25844001  0.27772104  0.23565371  0.22818524]\n",
      "Accuracy is 95.0%\n",
      "\n",
      "---------------------------------------------------------------\n",
      "Shared Confusion Matrix\n",
      "200 data points\n",
      "Converged within 2 iterations\n",
      "Theta:\n",
      "[[ 0.76095325  0.07689288  0.06887933  0.09327454]\n",
      " [ 0.04955354  0.80042023  0.04812685  0.10189938]\n",
      " [ 0.09094866  0.10861828  0.7130498   0.08738326]\n",
      " [ 0.07009599  0.05274589  0.12334299  0.75381513]]\n",
      "Rho: [ 0.2549734   0.25050856  0.24696354  0.2475545 ]\n",
      "Accuracy is 97.0%\n",
      "\n",
      "---------------------------------------------------------------\n",
      "Separate Confusion Matrices\n",
      "200 data points\n",
      "Converged within 2 iterations\n",
      "Theta:\n",
      "[[[ 0.5105161   0.14783666  0.14709986  0.19454739]\n",
      "  [ 0.12140002  0.56735138  0.13373232  0.17751628]\n",
      "  [ 0.11782376  0.21263752  0.43300944  0.23652929]\n",
      "  [ 0.13657098  0.18141543  0.18417546  0.49783813]]\n",
      "\n",
      " [[ 0.47614294  0.17152937  0.20538538  0.14694231]\n",
      "  [ 0.17041027  0.4604693   0.17263407  0.19648636]\n",
      "  [ 0.18482248  0.14667432  0.50123435  0.16726886]\n",
      "  [ 0.17886293  0.14925757  0.1995851   0.47229441]]\n",
      "\n",
      " [[ 0.56744159  0.17242396  0.12808691  0.13204754]\n",
      "  [ 0.12293257  0.58046493  0.14711175  0.14949074]\n",
      "  [ 0.18619864  0.21888773  0.45988213  0.1350315 ]\n",
      "  [ 0.17217353  0.17645383  0.18474076  0.46663188]]\n",
      "\n",
      " [[ 0.52878764  0.13161573  0.13682921  0.20276742]\n",
      "  [ 0.13380598  0.51431826  0.17061231  0.18126345]\n",
      "  [ 0.15516326  0.14205373  0.4969626   0.20582041]\n",
      "  [ 0.12963177  0.13902704  0.15618119  0.57515999]]\n",
      "\n",
      " [[ 0.59962479  0.12114278  0.14558551  0.13364692]\n",
      "  [ 0.17075646  0.52077196  0.16641313  0.14205845]\n",
      "  [ 0.15367278  0.13798756  0.55207138  0.15626828]\n",
      "  [ 0.15976871  0.14709292  0.17992002  0.51321835]]]\n",
      "Rho: [ 0.25876357  0.258944    0.23501735  0.24727507]\n",
      "Accuracy is 97.0%\n",
      "\n",
      "---------------------------------------------------------------\n",
      "Shared Confusion Matrix\n",
      "500 data points\n",
      "Converged within 2 iterations\n",
      "Theta:\n",
      "[[ 0.73648091  0.06566335  0.10216643  0.09568931]\n",
      " [ 0.08926417  0.75517616  0.09270146  0.0628582 ]\n",
      " [ 0.11692363  0.07292136  0.72405451  0.0861005 ]\n",
      " [ 0.06567696  0.07952093  0.08638793  0.76841418]]\n",
      "Rho: [ 0.24481439  0.25391663  0.25584868  0.2454203 ]\n",
      "Accuracy is 95.8%\n",
      "\n",
      "---------------------------------------------------------------\n",
      "Separate Confusion Matrices\n",
      "500 data points\n",
      "Converged within 2 iterations\n",
      "Theta:\n",
      "[[[ 0.47691737  0.15918298  0.20491961  0.15898004]\n",
      "  [ 0.19017239  0.4899513   0.17259788  0.14727843]\n",
      "  [ 0.16839546  0.17803009  0.48805828  0.16551617]\n",
      "  [ 0.1653428   0.18089211  0.17801023  0.47575486]]\n",
      "\n",
      " [[ 0.46448437  0.17972177  0.17529117  0.18050269]\n",
      "  [ 0.17598495  0.46555979  0.17557408  0.18288117]\n",
      "  [ 0.21636115  0.17088668  0.41019981  0.20255236]\n",
      "  [ 0.18408218  0.13767435  0.17691014  0.50133332]]\n",
      "\n",
      " [[ 0.48934086  0.16749546  0.18649643  0.15666725]\n",
      "  [ 0.15707918  0.51913457  0.18518994  0.1385963 ]\n",
      "  [ 0.197371    0.15753117  0.48369665  0.16140117]\n",
      "  [ 0.17430085  0.15566692  0.17141471  0.49861752]]\n",
      "\n",
      " [[ 0.47835822  0.13821111  0.20473358  0.17869709]\n",
      "  [ 0.16313168  0.50582167  0.18241199  0.14863466]\n",
      "  [ 0.17844091  0.15528708  0.51061764  0.15565437]\n",
      "  [ 0.14201564  0.1440953   0.18566316  0.5282259 ]]\n",
      "\n",
      " [[ 0.50214722  0.1632938   0.17150235  0.16305663]\n",
      "  [ 0.14290948  0.55000865  0.16233557  0.1447463 ]\n",
      "  [ 0.16477822  0.16462952  0.50055422  0.17003804]\n",
      "  [ 0.14513946  0.16102326  0.16867665  0.52516062]]]\n",
      "Rho: [ 0.2424692   0.25587681  0.24786471  0.25378928]\n",
      "Accuracy is 96.8%\n",
      "\n"
     ]
    }
   ],
   "source": [
    "ran = ['40','80','100','200','500']\n",
    "results_hard_shared=np.zeros(len(ran))\n",
    "results_hard_separate=np.zeros(len(ran))\n",
    "\n",
    "for ii, num in enumerate(ran):\n",
    "    data = '../data/hard_preset_MC_'+num+'_5_4.npz.npy'\n",
    "    trueCls = '../data/hard_preset_MC_'+num+'_5_4_reference_classes.npy'\n",
    "    results_hard_shared[ii] = results_shared_conf(data, trueCls)\n",
    "    results_hard_separate[ii] = results_separate_conf(data, trueCls)\n"
   ]
  },
  {
   "cell_type": "code",
   "execution_count": 10,
   "metadata": {
    "collapsed": false,
    "scrolled": false
   },
   "outputs": [
    {
     "name": "stdout",
     "output_type": "stream",
     "text": [
      "---------------------------------------------------------------\n",
      "Shared Confusion Matrix\n",
      "40 data points\n",
      "Converged within 2 iterations\n",
      "Theta:\n",
      "[[ 0.67841758  0.06463535  0.07754329  0.17940378]\n",
      " [ 0.16663975  0.6130368   0.15656751  0.06375594]\n",
      " [ 0.0314023   0.07782152  0.68963642  0.20113975]\n",
      " [ 0.10250931  0.11875205  0.19862498  0.58011366]]\n",
      "Rho: [ 0.24985445  0.25153834  0.26416265  0.23444456]\n",
      "Accuracy is 90.0%\n",
      "\n",
      "---------------------------------------------------------------\n",
      "Separate Confusion Matrices\n",
      "40 data points\n",
      "Converged within 2 iterations\n",
      "Theta:\n",
      "[[[ 0.38169501  0.22055959  0.18139226  0.21635315]\n",
      "  [ 0.1464923   0.48327289  0.19761414  0.17262068]\n",
      "  [ 0.11435532  0.18918553  0.46242333  0.23403583]\n",
      "  [ 0.15957372  0.2341612   0.23077649  0.37548859]]\n",
      "\n",
      " [[ 0.41238617  0.15513643  0.28770163  0.14477577]\n",
      "  [ 0.23576236  0.35547535  0.24155758  0.16720471]\n",
      "  [ 0.20177271  0.14985028  0.47355202  0.17482499]\n",
      "  [ 0.25293998  0.15803331  0.37523197  0.21379474]]\n",
      "\n",
      " [[ 0.28457894  0.16471009  0.22266318  0.32804779]\n",
      "  [ 0.21520685  0.23225249  0.36312209  0.18941857]\n",
      "  [ 0.12342385  0.22268032  0.42112958  0.23276626]\n",
      "  [ 0.18545819  0.18049282  0.2857098   0.3483392 ]]\n",
      "\n",
      " [[ 0.5005855   0.16513151  0.11646778  0.21781522]\n",
      "  [ 0.25341034  0.36961861  0.12913701  0.24783403]\n",
      "  [ 0.19899252  0.12889389  0.36764849  0.3044651 ]\n",
      "  [ 0.25104494  0.15832531  0.16177384  0.42885592]]\n",
      "\n",
      " [[ 0.3879697   0.18342533  0.14201638  0.28658859]\n",
      "  [ 0.18701453  0.34933442  0.19759383  0.26605722]\n",
      "  [ 0.20045152  0.14424471  0.39909647  0.25620729]\n",
      "  [ 0.22258455  0.14087992  0.24095473  0.3955808 ]]]\n",
      "Rho: [ 0.25184441  0.2277357   0.27720174  0.24321815]\n",
      "Accuracy is 90.0%\n",
      "\n",
      "---------------------------------------------------------------\n",
      "Shared Confusion Matrix\n",
      "80 data points\n",
      "Converged within 2 iterations\n",
      "Theta:\n",
      "[[ 0.6854737   0.09813893  0.10893546  0.10745191]\n",
      " [ 0.11037272  0.73531593  0.1083461   0.04596525]\n",
      " [ 0.08476862  0.05806376  0.76531422  0.0918534 ]\n",
      " [ 0.06617631  0.10343989  0.05709953  0.77328427]]\n",
      "Rho: [ 0.20395047  0.25954255  0.29161756  0.24488941]\n",
      "Accuracy is 86.25%\n",
      "\n",
      "---------------------------------------------------------------\n",
      "Separate Confusion Matrices\n",
      "80 data points\n",
      "Converged within 2 iterations\n",
      "Theta:\n",
      "[[[ 0.43792488  0.18979482  0.17684007  0.19544023]\n",
      "  [ 0.19767505  0.45172654  0.18464557  0.16595283]\n",
      "  [ 0.18724632  0.16926344  0.51608607  0.12740416]\n",
      "  [ 0.1564546   0.19313356  0.16962934  0.48078251]]\n",
      "\n",
      " [[ 0.41869873  0.22493854  0.15732131  0.19904142]\n",
      "  [ 0.19751568  0.44328938  0.18917189  0.17002305]\n",
      "  [ 0.15125677  0.19615997  0.46857962  0.18400364]\n",
      "  [ 0.16537196  0.1894659   0.13607669  0.50908545]]\n",
      "\n",
      " [[ 0.32727896  0.14290725  0.33453301  0.19528079]\n",
      "  [ 0.17707437  0.36751492  0.29509713  0.16031358]\n",
      "  [ 0.1376512   0.13635963  0.58389589  0.14209328]\n",
      "  [ 0.18240724  0.15516375  0.29651159  0.36591742]]\n",
      "\n",
      " [[ 0.33951423  0.2846316   0.16629822  0.20955595]\n",
      "  [ 0.13581653  0.5036696   0.13505206  0.22546181]\n",
      "  [ 0.1387344   0.19740736  0.45661053  0.20724771]\n",
      "  [ 0.10922139  0.22648324  0.1463246   0.51797077]]\n",
      "\n",
      " [[ 0.48035963  0.23695613  0.17510988  0.10757436]\n",
      "  [ 0.2526238   0.40377962  0.1926349   0.15096168]\n",
      "  [ 0.22378391  0.20703132  0.45129929  0.11788548]\n",
      "  [ 0.27593595  0.25794198  0.13696805  0.32915402]]]\n",
      "Rho: [ 0.21982366  0.24939947  0.28875332  0.24202355]\n",
      "Accuracy is 87.5%\n",
      "\n",
      "---------------------------------------------------------------\n",
      "Shared Confusion Matrix\n",
      "100 data points\n",
      "Converged within 2 iterations\n",
      "Theta:\n",
      "[[ 0.77131613  0.09628318  0.07709431  0.05530638]\n",
      " [ 0.05296636  0.79692501  0.06462389  0.08548474]\n",
      " [ 0.02486142  0.10176635  0.73743438  0.13593784]\n",
      " [ 0.1495724   0.07250651  0.04397682  0.73394427]]\n",
      "Rho: [ 0.25387836  0.25006707  0.26671021  0.22934436]\n",
      "Accuracy is 97.0%\n",
      "\n",
      "---------------------------------------------------------------\n",
      "Separate Confusion Matrices\n",
      "100 data points\n",
      "Converged within 2 iterations\n",
      "Theta:\n",
      "[[[ 0.51356242  0.1543765   0.12105152  0.21100955]\n",
      "  [ 0.16790402  0.49866502  0.15035111  0.18307985]\n",
      "  [ 0.14710799  0.16259528  0.48276574  0.20753099]\n",
      "  [ 0.15162291  0.17608153  0.16773323  0.50456233]]\n",
      "\n",
      " [[ 0.44109747  0.17709695  0.1900412   0.19176437]\n",
      "  [ 0.15704018  0.42308143  0.21957911  0.20029928]\n",
      "  [ 0.1332298   0.17318638  0.48337194  0.21021189]\n",
      "  [ 0.17509719  0.17963231  0.2284255   0.41684501]]\n",
      "\n",
      " [[ 0.48148252  0.25465308  0.18309678  0.08076763]\n",
      "  [ 0.17580607  0.52688298  0.19109231  0.10621864]\n",
      "  [ 0.1492035   0.24004866  0.46921243  0.14153541]\n",
      "  [ 0.26496716  0.25006249  0.1965197   0.28845065]]\n",
      "\n",
      " [[ 0.49958385  0.15274741  0.12888163  0.21878711]\n",
      "  [ 0.15678603  0.48365253  0.13144756  0.22811388]\n",
      "  [ 0.16511558  0.21951789  0.377533    0.23783354]\n",
      "  [ 0.16048828  0.17613419  0.16424462  0.49913291]]\n",
      "\n",
      " [[ 0.46582958  0.20999386  0.17838405  0.14579251]\n",
      "  [ 0.19977103  0.34741218  0.23083122  0.22198557]\n",
      "  [ 0.15208323  0.1969155   0.45285572  0.19814555]\n",
      "  [ 0.20906993  0.20089661  0.26270577  0.32732769]]]\n",
      "Rho: [ 0.26335828  0.25735368  0.25087613  0.22841191]\n",
      "Accuracy is 96.0%\n",
      "\n",
      "---------------------------------------------------------------\n",
      "Shared Confusion Matrix\n",
      "200 data points\n",
      "Converged within 2 iterations\n",
      "Theta:\n",
      "[[ 0.7137918   0.09784521  0.08389065  0.10447233]\n",
      " [ 0.12699044  0.74070303  0.05499336  0.07731317]\n",
      " [ 0.10519026  0.08619778  0.76176334  0.04684862]\n",
      " [ 0.10176616  0.09615094  0.09162541  0.71045749]]\n",
      "Rho: [ 0.26310443  0.24809801  0.27717873  0.21161883]\n",
      "Accuracy is 90.0%\n",
      "\n",
      "---------------------------------------------------------------\n",
      "Separate Confusion Matrices\n",
      "200 data points\n",
      "Converged within 2 iterations\n",
      "Theta:\n",
      "[[[ 0.4609665   0.17978466  0.16898583  0.19026301]\n",
      "  [ 0.19621554  0.44742063  0.17589664  0.1804672 ]\n",
      "  [ 0.17961959  0.1587411   0.48998575  0.17165356]\n",
      "  [ 0.19141935  0.1807516   0.17844716  0.44938189]]\n",
      "\n",
